   0.100000E-03   0.262934E+00
   0.102020E-03   0.268065E+00
   0.104081E-03   0.273296E+00
   0.106184E-03   0.278630E+00
   0.108329E-03   0.284067E+00
   0.110517E-03   0.289610E+00
   0.112750E-03   0.295262E+00
   0.115027E-03   0.301023E+00
   0.117351E-03   0.306898E+00
   0.119722E-03   0.312886E+00
   0.122140E-03   0.318992E+00
   0.124608E-03   0.325216E+00
   0.127125E-03   0.331562E+00
   0.129693E-03   0.338032E+00
   0.132313E-03   0.344628E+00
   0.134986E-03   0.351352E+00
   0.137713E-03   0.358208E+00
   0.140495E-03   0.365197E+00
   0.143333E-03   0.372323E+00
   0.146228E-03   0.379587E+00
   0.149182E-03   0.386994E+00
   0.152196E-03   0.394544E+00
   0.155271E-03   0.402242E+00
   0.158407E-03   0.410090E+00
   0.161607E-03   0.418091E+00
   0.164872E-03   0.426247E+00
   0.168203E-03   0.434563E+00
   0.171601E-03   0.443041E+00
   0.175067E-03   0.451684E+00
   0.178604E-03   0.460496E+00
   0.182212E-03   0.469479E+00
   0.185893E-03   0.478637E+00
   0.189648E-03   0.487974E+00
   0.193479E-03   0.497492E+00
   0.197388E-03   0.507196E+00
   0.201375E-03   0.517090E+00
   0.205443E-03   0.527175E+00
   0.209594E-03   0.537458E+00
   0.213828E-03   0.547940E+00
   0.218147E-03   0.558627E+00
   0.222554E-03   0.569521E+00
   0.227050E-03   0.580628E+00
   0.231637E-03   0.591951E+00
   0.236316E-03   0.603495E+00
   0.241090E-03   0.615263E+00
   0.245960E-03   0.627260E+00
   0.250929E-03   0.639491E+00
   0.255998E-03   0.651959E+00
   0.261170E-03   0.664670E+00
   0.266446E-03   0.677629E+00
   0.271828E-03   0.690839E+00
   0.277319E-03   0.704307E+00
   0.282922E-03   0.718036E+00
   0.288637E-03   0.732032E+00
   0.294468E-03   0.746300E+00
   0.300417E-03   0.760845E+00
   0.306485E-03   0.775673E+00
   0.312677E-03   0.790790E+00
   0.318993E-03   0.806199E+00
   0.325437E-03   0.821908E+00
   0.332012E-03   0.837922E+00
   0.338719E-03   0.854247E+00
   0.345561E-03   0.870888E+00
   0.352542E-03   0.887853E+00
   0.359664E-03   0.905147E+00
   0.366930E-03   0.922776E+00
   0.374342E-03   0.940746E+00
   0.381904E-03   0.959065E+00
   0.389619E-03   0.977739E+00
   0.397490E-03   0.996775E+00
   0.405520E-03   0.101618E+01
   0.413712E-03   0.103596E+01
   0.422070E-03   0.105612E+01
   0.430596E-03   0.107667E+01
   0.439295E-03   0.109763E+01
   0.448169E-03   0.111898E+01
   0.457222E-03   0.114075E+01
   0.466459E-03   0.116294E+01
   0.475882E-03   0.118555E+01
   0.485496E-03   0.120861E+01
   0.495303E-03   0.123210E+01
   0.505309E-03   0.125606E+01
   0.515517E-03   0.128047E+01
   0.525931E-03   0.130535E+01
   0.536556E-03   0.133071E+01
   0.547395E-03   0.135656E+01
   0.558453E-03   0.138291E+01
   0.569734E-03   0.140976E+01
   0.581244E-03   0.143713E+01
   0.592986E-03   0.146503E+01
   0.604965E-03   0.149345E+01
   0.617186E-03   0.152243E+01
   0.629654E-03   0.155196E+01
   0.642374E-03   0.158205E+01
   0.655350E-03   0.161272E+01
   0.668589E-03   0.164398E+01
   0.682096E-03   0.167583E+01
   0.695875E-03   0.170829E+01
   0.709933E-03   0.174136E+01
   0.724274E-03   0.177507E+01
   0.738906E-03   0.180942E+01
   0.753832E-03   0.184442E+01
   0.769061E-03   0.188008E+01
   0.784597E-03   0.191642E+01
   0.800447E-03   0.195345E+01
   0.816617E-03   0.199118E+01
   0.833114E-03   0.202962E+01
   0.849944E-03   0.206879E+01
   0.867114E-03   0.210869E+01
   0.884631E-03   0.214934E+01
   0.902501E-03   0.219076E+01
   0.920733E-03   0.223295E+01
   0.939333E-03   0.227593E+01
   0.958309E-03   0.231971E+01
   0.977668E-03   0.236431E+01
   0.997418E-03   0.240974E+01
   0.101757E-02   0.245602E+01
   0.103812E-02   0.250315E+01
   0.105910E-02   0.255115E+01
   0.108049E-02   0.260004E+01
   0.110232E-02   0.264983E+01
   0.112459E-02   0.270054E+01
   0.114730E-02   0.275217E+01
   0.117048E-02   0.280475E+01
   0.119413E-02   0.285828E+01
   0.121825E-02   0.291279E+01
   0.124286E-02   0.296829E+01
   0.126797E-02   0.302478E+01
   0.129358E-02   0.308230E+01
   0.131971E-02   0.314085E+01
   0.134637E-02   0.320045E+01
   0.137357E-02   0.326110E+01
   0.140132E-02   0.332284E+01
   0.142963E-02   0.338567E+01
   0.145851E-02   0.344960E+01
   0.148797E-02   0.351466E+01
   0.151803E-02   0.358086E+01
   0.154870E-02   0.364820E+01
   0.157998E-02   0.371671E+01
   0.161190E-02   0.378641E+01
   0.164446E-02   0.385729E+01
   0.167768E-02   0.392939E+01
   0.171158E-02   0.400270E+01
   0.174615E-02   0.407726E+01
   0.178143E-02   0.415306E+01
   0.181741E-02   0.423012E+01
   0.185413E-02   0.430846E+01
   0.189158E-02   0.438808E+01
   0.192980E-02   0.446901E+01
   0.196878E-02   0.455124E+01
   0.200855E-02   0.463480E+01
   0.204913E-02   0.471969E+01
   0.209052E-02   0.480592E+01
   0.213276E-02   0.489350E+01
   0.217584E-02   0.498245E+01
   0.221979E-02   0.507276E+01
   0.226464E-02   0.516445E+01
   0.231039E-02   0.525752E+01
   0.235706E-02   0.535198E+01
   0.240467E-02   0.544784E+01
   0.245325E-02   0.554509E+01
   0.250281E-02   0.564375E+01
   0.255337E-02   0.574381E+01
   0.260495E-02   0.584528E+01
   0.265758E-02   0.594815E+01
   0.271126E-02   0.605244E+01
   0.276603E-02   0.615812E+01
   0.282191E-02   0.626521E+01
   0.287892E-02   0.637370E+01
   0.293708E-02   0.648359E+01
   0.299641E-02   0.659485E+01
   0.305694E-02   0.670750E+01
   0.311870E-02   0.682152E+01
   0.318170E-02   0.693690E+01
   0.324597E-02   0.705363E+01
   0.331155E-02   0.717169E+01
   0.337844E-02   0.729107E+01
   0.344669E-02   0.741176E+01
   0.351632E-02   0.753373E+01
   0.358735E-02   0.765697E+01
   0.365982E-02   0.778146E+01
   0.373376E-02   0.790717E+01
   0.380918E-02   0.803409E+01
   0.388613E-02   0.816217E+01
   0.396464E-02   0.829141E+01
   0.404473E-02   0.842177E+01
   0.412644E-02   0.855322E+01
   0.420980E-02   0.868573E+01
   0.429484E-02   0.881927E+01
   0.438160E-02   0.895380E+01
   0.447012E-02   0.908928E+01
   0.456042E-02   0.922568E+01
   0.465255E-02   0.936296E+01
   0.474653E-02   0.950109E+01
   0.484242E-02   0.964001E+01
   0.494024E-02   0.977969E+01
   0.504004E-02   0.992008E+01
   0.514186E-02   0.100611E+02
   0.524573E-02   0.102028E+02
   0.535170E-02   0.103450E+02
   0.545981E-02   0.104877E+02
   0.557011E-02   0.106308E+02
   0.568263E-02   0.107743E+02
   0.579743E-02   0.109183E+02
   0.591455E-02   0.110625E+02
   0.603403E-02   0.112071E+02
   0.615592E-02   0.113519E+02
   0.628028E-02   0.114969E+02
   0.640715E-02   0.116418E+02
   0.653658E-02   0.117867E+02
   0.666863E-02   0.119313E+02
   0.680335E-02   0.120757E+02
   0.694078E-02   0.122198E+02
   0.708100E-02   0.123634E+02
   0.722404E-02   0.125065E+02
   0.736998E-02   0.126490E+02
   0.751886E-02   0.127909E+02
   0.767075E-02   0.129319E+02
   0.782571E-02   0.130722E+02
   0.798380E-02   0.132114E+02
   0.814509E-02   0.133496E+02
   0.830963E-02   0.134865E+02
   0.847750E-02   0.136222E+02
   0.864875E-02   0.137564E+02
   0.882347E-02   0.138890E+02
   0.900171E-02   0.140199E+02
   0.918356E-02   0.141490E+02
   0.936908E-02   0.142761E+02
   0.955835E-02   0.144010E+02
   0.975144E-02   0.145237E+02
   0.994843E-02   0.146439E+02
   0.101494E-01   0.147616E+02
   0.103544E-01   0.148765E+02
   0.105636E-01   0.149886E+02
   0.107770E-01   0.150976E+02
   0.109947E-01   0.152035E+02
   0.112168E-01   0.153060E+02
   0.114434E-01   0.154050E+02
   0.116746E-01   0.155004E+02
   0.119104E-01   0.155920E+02
   0.121510E-01   0.156796E+02
   0.123965E-01   0.157631E+02
   0.126469E-01   0.158422E+02
   0.129024E-01   0.159167E+02
   0.131631E-01   0.159866E+02
   0.134290E-01   0.160517E+02
   0.137003E-01   0.161116E+02
   0.139770E-01   0.161663E+02
   0.142594E-01   0.162156E+02
   0.145474E-01   0.162593E+02
   0.148413E-01   0.162971E+02
   0.151411E-01   0.163290E+02
   0.154470E-01   0.163547E+02
   0.157590E-01   0.163741E+02
   0.160774E-01   0.163870E+02
   0.164022E-01   0.163933E+02
   0.167335E-01   0.163928E+02
   0.170716E-01   0.163853E+02
   0.174164E-01   0.163707E+02
   0.177683E-01   0.163489E+02
   0.181272E-01   0.163197E+02
   0.184934E-01   0.162831E+02
   0.188670E-01   0.162390E+02
   0.192481E-01   0.161872E+02
   0.196370E-01   0.161277E+02
   0.200337E-01   0.160605E+02
   0.204384E-01   0.159854E+02
   0.208513E-01   0.159025E+02
   0.212725E-01   0.158117E+02
   0.217022E-01   0.157130E+02
   0.221406E-01   0.156064E+02
   0.225879E-01   0.154921E+02
   0.230442E-01   0.153700E+02
   0.235097E-01   0.152404E+02
   0.239847E-01   0.151033E+02
   0.244692E-01   0.149588E+02
   0.249635E-01   0.148073E+02
   0.254678E-01   0.146488E+02
   0.259823E-01   0.144837E+02
   0.265072E-01   0.143122E+02
   0.270426E-01   0.141345E+02
   0.275889E-01   0.139511E+02
   0.281463E-01   0.137623E+02
   0.287149E-01   0.135685E+02
   0.292949E-01   0.133700E+02
   0.298867E-01   0.131673E+02
   0.304905E-01   0.129610E+02
   0.311064E-01   0.127515E+02
   0.317348E-01   0.125394E+02
   0.323759E-01   0.123251E+02
   0.330299E-01   0.121092E+02
   0.336972E-01   0.118923E+02
   0.343779E-01   0.116751E+02
   0.350724E-01   0.114580E+02
   0.357809E-01   0.112415E+02
   0.365038E-01   0.110264E+02
   0.372412E-01   0.108133E+02
   0.379935E-01   0.106028E+02
   0.387610E-01   0.103956E+02
   0.395440E-01   0.101922E+02
   0.403429E-01   0.999298E+01
   0.411579E-01   0.979826E+01
   0.419893E-01   0.960832E+01
   0.428375E-01   0.942341E+01
   0.437029E-01   0.924380E+01
   0.445858E-01   0.907000E+01
   0.454865E-01   0.890263E+01
   0.464053E-01   0.874224E+01
   0.473428E-01   0.858937E+01
   0.482992E-01   0.844431E+01
   0.492749E-01   0.830659E+01
   0.502703E-01   0.817555E+01
   0.512858E-01   0.805057E+01
   0.523219E-01   0.793105E+01
   0.533789E-01   0.781644E+01
   0.544572E-01   0.770617E+01
   0.555573E-01   0.759974E+01
   0.566796E-01   0.749664E+01
   0.578246E-01   0.739624E+01
   0.589927E-01   0.729786E+01
   0.601845E-01   0.720084E+01
   0.614003E-01   0.710448E+01
   0.626407E-01   0.700781E+01
   0.639061E-01   0.690980E+01
   0.651971E-01   0.680947E+01
   0.665142E-01   0.670572E+01
   0.678578E-01   0.659730E+01
   0.692287E-01   0.648304E+01
   0.706272E-01   0.636202E+01
   0.720539E-01   0.623367E+01
   0.735095E-01   0.609759E+01
   0.749945E-01   0.595365E+01
   0.765095E-01   0.580226E+01
   0.780551E-01   0.564394E+01
   0.796319E-01   0.547957E+01
   0.812406E-01   0.531048E+01
   0.828817E-01   0.513801E+01
   0.845561E-01   0.496368E+01
   0.862642E-01   0.478909E+01
   0.880068E-01   0.461576E+01
   0.897847E-01   0.444528E+01
   0.915985E-01   0.427915E+01
   0.934489E-01   0.411892E+01
   0.953367E-01   0.396612E+01
   0.972626E-01   0.382205E+01
   0.992274E-01   0.368790E+01
   0.101232E+00   0.356475E+01
   0.103277E+00   0.345331E+01
   0.105363E+00   0.335360E+01
   0.107492E+00   0.326551E+01
   0.109663E+00   0.318822E+01
   0.111879E+00   0.312026E+01
   0.114139E+00   0.306008E+01
   0.116445E+00   0.300547E+01
   0.118797E+00   0.295419E+01
   0.121197E+00   0.290393E+01
   0.123645E+00   0.285236E+01
   0.126143E+00   0.279744E+01
   0.128691E+00   0.273745E+01
   0.131291E+00   0.267112E+01
   0.133943E+00   0.259783E+01
   0.136649E+00   0.251749E+01
   0.139409E+00   0.243077E+01
   0.142226E+00   0.233874E+01
   0.145099E+00   0.224306E+01
   0.148030E+00   0.214572E+01
   0.151020E+00   0.204910E+01
   0.154071E+00   0.195576E+01
   0.157184E+00   0.186828E+01
   0.160359E+00   0.178877E+01
   0.163598E+00   0.171869E+01
   0.166903E+00   0.165838E+01
   0.170275E+00   0.160723E+01
   0.173715E+00   0.156383E+01
   0.177224E+00   0.152633E+01
   0.180804E+00   0.149268E+01
   0.184457E+00   0.146065E+01
   0.188183E+00   0.142788E+01
   0.191985E+00   0.139216E+01
   0.195863E+00   0.135178E+01
   0.199820E+00   0.130612E+01
   0.203856E+00   0.125580E+01
   0.207974E+00   0.120234E+01
   0.212176E+00   0.114783E+01
   0.216462E+00   0.109445E+01
   0.220835E+00   0.104427E+01
   0.225296E+00   0.998941E+00
   0.229847E+00   0.959410E+00
   0.234490E+00   0.925715E+00
   0.239227E+00   0.897020E+00
   0.244060E+00   0.871834E+00
   0.248990E+00   0.848232E+00
   0.254020E+00   0.824190E+00
   0.259152E+00   0.798128E+00
   0.264387E+00   0.769436E+00
   0.269728E+00   0.738543E+00
   0.275177E+00   0.706528E+00
   0.280736E+00   0.674735E+00
   0.286407E+00   0.644597E+00
   0.292193E+00   0.617336E+00
   0.298096E+00   0.593472E+00
   0.304118E+00   0.572587E+00
   0.310261E+00   0.553643E+00
   0.316529E+00   0.535466E+00
   0.322923E+00   0.517031E+00
   0.329447E+00   0.497674E+00
   0.336102E+00   0.477384E+00
   0.342892E+00   0.456848E+00
   0.349819E+00   0.437010E+00
   0.356885E+00   0.418564E+00
   0.364095E+00   0.401796E+00
   0.371450E+00   0.386594E+00
   0.378954E+00   0.372429E+00
   0.386609E+00   0.358593E+00
   0.394419E+00   0.344626E+00
   0.402387E+00   0.330505E+00
   0.410516E+00   0.316515E+00
   0.418809E+00   0.303063E+00
   0.427269E+00   0.290490E+00
   0.435901E+00   0.278839E+00
   0.444706E+00   0.267854E+00
   0.453690E+00   0.257254E+00
   0.462855E+00   0.246811E+00
   0.472206E+00   0.236488E+00
   0.481745E+00   0.226487E+00
   0.491477E+00   0.216961E+00
   0.501405E+00   0.207969E+00
   0.511534E+00   0.199450E+00
   0.521868E+00   0.191236E+00
   0.532411E+00   0.183248E+00
   0.543166E+00   0.175492E+00
   0.554139E+00   0.168033E+00
   0.565333E+00   0.160933E+00
   0.576753E+00   0.154157E+00
   0.588404E+00   0.147663E+00
   0.600291E+00   0.141388E+00
   0.612418E+00   0.135341E+00
   0.624789E+00   0.129538E+00
   0.637411E+00   0.123982E+00
   0.650288E+00   0.118664E+00
   0.663424E+00   0.113566E+00
   0.676826E+00   0.108676E+00
   0.690499E+00   0.103981E+00
   0.704448E+00   0.994750E-01
   0.718679E+00   0.951529E-01
   0.733197E+00   0.910094E-01
   0.748009E+00   0.870386E-01
   0.763119E+00   0.832338E-01
   0.778536E+00   0.795877E-01
   0.794263E+00   0.760939E-01
   0.810308E+00   0.727462E-01
   0.826677E+00   0.695388E-01
   0.843378E+00   0.664664E-01
   0.860415E+00   0.635238E-01
   0.877797E+00   0.607060E-01
   0.895529E+00   0.580079E-01
   0.913620E+00   0.554248E-01
   0.932076E+00   0.529521E-01
   0.950906E+00   0.505852E-01
   0.970115E+00   0.483198E-01
   0.989713E+00   0.461519E-01
   0.100971E+01   0.440773E-01
   0.103010E+01   0.420924E-01
   0.105091E+01   0.401933E-01
   0.107214E+01   0.383766E-01
   0.109380E+01   0.366388E-01
   0.111590E+01   0.349767E-01
   0.113844E+01   0.333873E-01
   0.116144E+01   0.318676E-01
   0.118490E+01   0.304148E-01
   0.120884E+01   0.290261E-01
   0.123326E+01   0.276986E-01
   0.125817E+01   0.264298E-01
   0.128359E+01   0.252170E-01
   0.130952E+01   0.240580E-01
   0.133597E+01   0.229504E-01
   0.136296E+01   0.218921E-01
   0.139049E+01   0.208811E-01
   0.141858E+01   0.199153E-01
   0.144724E+01   0.189928E-01
   0.147648E+01   0.181117E-01
   0.150630E+01   0.172703E-01
   0.153673E+01   0.164667E-01
   0.156778E+01   0.156995E-01
   0.159945E+01   0.149670E-01
   0.163176E+01   0.142676E-01
   0.166472E+01   0.136000E-01
   0.169835E+01   0.129628E-01
   0.173266E+01   0.123545E-01
   0.176766E+01   0.117740E-01
   0.180337E+01   0.112200E-01
   0.183980E+01   0.106913E-01
   0.187697E+01   0.101869E-01
   0.191489E+01   0.970575E-02
   0.195357E+01   0.924673E-02
   0.199304E+01   0.880885E-02
   0.203330E+01   0.839117E-02
   0.207437E+01   0.799277E-02
   0.211628E+01   0.761281E-02
   0.215903E+01   0.725046E-02
   0.220265E+01   0.690493E-02
   0.224714E+01   0.657547E-02
   0.229254E+01   0.626135E-02
   0.233885E+01   0.596187E-02
   0.238610E+01   0.567639E-02
   0.243430E+01   0.540427E-02
   0.248348E+01   0.514489E-02
   0.253365E+01   0.489769E-02
   0.258483E+01   0.466210E-02
   0.263705E+01   0.443759E-02
   0.269032E+01   0.422366E-02
   0.274466E+01   0.401982E-02
   0.280011E+01   0.382561E-02
   0.285668E+01   0.364058E-02
   0.291439E+01   0.346432E-02
   0.297326E+01   0.329641E-02
   0.303332E+01   0.313647E-02
   0.309460E+01   0.298414E-02
   0.315712E+01   0.283905E-02
   0.322090E+01   0.270088E-02
   0.328596E+01   0.256930E-02
   0.335234E+01   0.244401E-02
   0.342006E+01   0.232471E-02
   0.348916E+01   0.221112E-02
   0.355964E+01   0.210297E-02
   0.363155E+01   0.200002E-02
   0.370491E+01   0.190201E-02
   0.377976E+01   0.180872E-02
   0.385611E+01   0.171992E-02
   0.393401E+01   0.163540E-02
   0.401348E+01   0.155496E-02
   0.409456E+01   0.147841E-02
   0.417727E+01   0.140556E-02
   0.426166E+01   0.133624E-02
   0.434775E+01   0.127028E-02
   0.443558E+01   0.120752E-02
   0.452519E+01   0.114781E-02
   0.461660E+01   0.109100E-02
   0.470987E+01   0.103696E-02
   0.480501E+01   0.985554E-03
   0.490208E+01   0.936653E-03
   0.500111E+01   0.890140E-03
   0.510214E+01   0.845900E-03
   0.520521E+01   0.803825E-03
   0.531036E+01   0.763810E-03
   0.541763E+01   0.725756E-03
   0.552708E+01   0.689570E-03
   0.563873E+01   0.655160E-03
   0.575264E+01   0.622442E-03
   0.586885E+01   0.591334E-03
   0.598741E+01   0.561757E-03
   0.610836E+01   0.533639E-03
   0.623176E+01   0.506907E-03
   0.635765E+01   0.481496E-03
   0.648609E+01   0.457341E-03
   0.661711E+01   0.434380E-03
   0.675079E+01   0.412556E-03
   0.688716E+01   0.391814E-03
   0.702629E+01   0.372100E-03
   0.716823E+01   0.353365E-03
   0.731304E+01   0.335560E-03
   0.746077E+01   0.318641E-03
   0.761149E+01   0.302563E-03
   0.776525E+01   0.287286E-03
   0.792212E+01   0.272771E-03
   0.808217E+01   0.258979E-03
   0.824543E+01   0.245876E-03
   0.841200E+01   0.233428E-03
   0.858193E+01   0.221602E-03
   0.875530E+01   0.210368E-03
   0.893217E+01   0.199696E-03
   0.911261E+01   0.189559E-03
   0.929670E+01   0.179930E-03
   0.948451E+01   0.170785E-03
   0.967610E+01   0.162099E-03
   0.987158E+01   0.153849E-03
   0.100710E+02   0.146015E-03
   0.102744E+02   0.138575E-03
   0.104820E+02   0.131509E-03
   0.106938E+02   0.124800E-03
   0.109098E+02   0.118429E-03
   0.111302E+02   0.112380E-03
   0.113550E+02   0.106636E-03
   0.115844E+02   0.101183E-03
   0.118184E+02   0.960053E-04
   0.120572E+02   0.910899E-04
   0.123007E+02   0.864234E-04
   0.125492E+02   0.819934E-04
   0.128027E+02   0.777881E-04
   0.130614E+02   0.737962E-04
   0.133252E+02   0.700071E-04
   0.135944E+02   0.664105E-04
   0.138691E+02   0.629967E-04
   0.141492E+02   0.597567E-04
   0.144351E+02   0.566816E-04
   0.147267E+02   0.537632E-04
   0.150242E+02   0.509935E-04
   0.153277E+02   0.483651E-04
   0.156373E+02   0.458709E-04
   0.159532E+02   0.435040E-04
   0.162755E+02   0.412581E-04
   0.166043E+02   0.391270E-04
   0.169397E+02   0.371049E-04
   0.172819E+02   0.351864E-04
   0.176310E+02   0.333661E-04
   0.179872E+02   0.316391E-04
   0.183505E+02   0.300007E-04
   0.187212E+02   0.284464E-04
   0.190994E+02   0.269718E-04
   0.194853E+02   0.255730E-04
   0.198789E+02   0.242461E-04
   0.202805E+02   0.229874E-04
   0.206902E+02   0.217934E-04
   0.211081E+02   0.206610E-04
   0.215346E+02   0.195868E-04
   0.219696E+02   0.185681E-04
   0.224134E+02   0.176018E-04
   0.228662E+02   0.166854E-04
   0.233281E+02   0.158163E-04
   0.237994E+02   0.149921E-04
   0.242802E+02   0.142105E-04
   0.247707E+02   0.134693E-04
   0.252710E+02   0.127664E-04
   0.257816E+02   0.120999E-04
   0.263024E+02   0.114679E-04
   0.268337E+02   0.108687E-04
   0.273758E+02   0.103005E-04
   0.279288E+02   0.976175E-05
   0.284930E+02   0.925097E-05
   0.290686E+02   0.876670E-05
   0.296558E+02   0.830757E-05
   0.302549E+02   0.787231E-05
   0.308661E+02   0.745966E-05
   0.314897E+02   0.706848E-05
   0.321258E+02   0.669764E-05
   0.327748E+02   0.634611E-05
   0.334369E+02   0.601289E-05
   0.341123E+02   0.569703E-05
   0.348014E+02   0.539763E-05
   0.355045E+02   0.511385E-05
   0.362217E+02   0.484487E-05
   0.369535E+02   0.458994E-05
   0.377000E+02   0.434831E-05
   0.384616E+02   0.411931E-05
   0.392386E+02   0.390228E-05
   0.400312E+02   0.369659E-05
   0.408399E+02   0.350167E-05
   0.416649E+02   0.331695E-05
   0.425066E+02   0.314190E-05
   0.433653E+02   0.297602E-05
   0.442413E+02   0.281883E-05
   0.451350E+02   0.266989E-05
   0.460469E+02   0.252875E-05
   0.469770E+02   0.239502E-05
   0.479261E+02   0.226832E-05
   0.488942E+02   0.214826E-05
   0.498820E+02   0.203451E-05
   0.508896E+02   0.192674E-05
   0.519177E+02   0.182463E-05
   0.529665E+02   0.172790E-05
   0.540365E+02   0.163625E-05
   0.551281E+02   0.154943E-05
   0.562417E+02   0.146718E-05
   0.573779E+02   0.138926E-05
   0.585370E+02   0.131545E-05
   0.597195E+02   0.124554E-05
   0.609260E+02   0.117931E-05
   0.621568E+02   0.111658E-05
   0.634124E+02   0.105716E-05
   0.646934E+02   0.100088E-05
   0.660003E+02   0.947577E-06
   0.673336E+02   0.897092E-06
   0.686938E+02   0.849277E-06
   0.700816E+02   0.803993E-06
   0.714973E+02   0.761105E-06
   0.729416E+02   0.720486E-06
   0.744151E+02   0.682017E-06
   0.759184E+02   0.645585E-06
   0.774521E+02   0.611081E-06
   0.790167E+02   0.578403E-06
   0.806129E+02   0.547457E-06
   0.822415E+02   0.518149E-06
   0.839028E+02   0.490394E-06
   0.855978E+02   0.464110E-06
   0.873269E+02   0.439220E-06
   0.890911E+02   0.415654E-06
   0.908908E+02   0.393342E-06
   0.927270E+02   0.372219E-06
   0.946001E+02   0.352223E-06
   0.965112E+02   0.333296E-06
   0.984608E+02   0.315383E-06
   0.100450E+03   0.298428E-06
   0.102479E+03   0.282384E-06
   0.104549E+03   0.267201E-06
